Ι Ι1118111111ιά111111111111111111111111111111118761-1877.) 231

1111, 11111111111111111111111-11111111111111,11111111111111111Ι
- 11111,11111111.Β1ι111111111111111111111111111111111111111111-
1111, wo 23 11111111111111111111111 1111111111 1111111111 111111-
1ι1ι1111111ι11111111111111111 1111111 11151111 1111111111 1111111111
1111111111 1111 111111, 11111111 1111 111111 11111111111111111111 11
111 1311111 111111111111111111111, 111 (ιιι 111 111111 11111111 111
111 111 ,11111111 111111.,.,1111111111ιι 811, das 1111111111· dieser -
(111111111111111111 Η11111111ιι- 11111111 111111111111 1111111111
(1111 33 111111 11111111 ..1111111111 ιιι( 1111111111, 111 Ριιιιι, Ἰ,
1111. 111, 1111111, ,1111111511 11111111 1111111111,,1111ιι 1111111111
111111111118111111111111 111111 11111111, 1111111, 11111111, ,111- ,
1111111111· (11111, ιιι. 11, 11 1111111111111111111,111 1111111111 ,’
1111111, 111111 111 111111111111111 11111111ι1111ι111111111 ,
111111, 11111111 11111 111111 ,11111 111,. (11 (111111 1111111111 ’,1,
11111111111111 ((11.11111111111)1111111111111111. 1111111
111111, ,1111 1111111111 1111111111111111111111 11111, 1111, 1111 111
11111111 1111111 (Β1111111ι, 1111111 111111111111111111111111
1111111111 111 ,111, 1111111111 111 1111111111 1111111111 ·
(1111111111. 11111,11111111ῑ,111 111111111111,,11111,1(ι 1111,1ιι, *·,,
(11111 ιιι 01111111111111111111-1111111111111 1111111, ,11111111
(111, 111111 ,11 ,1111111 1111 11111,1111111111511111111111 111111, 11
1111111111 111111 1111111111111111111111111111, 111,·111111111 '3351
1111111111, ,1111111111 ,111 11111,1111111111111,111111 1111111 111,· ’ῗῖι
1111, ,11111111 11111111111111111111, 1111 1111 111 111111
1111111111111 111111, 11111 1111111 1111111 11111111 1111111111
111 111111 1111111, 1111111, ,111111 ab.¹ (1111111111 Β111111, 1111111 ⁹3
111 3333) ‘⁵
..111,,111111111111 1115111ιὲ1 11111111 ¹
111 ,11111 11,1111111,1111111111111111 11111111111111 111111 11,- :5:43
[111,11111111111111111 1111111111 11111, 1111111, ,1111111 11111 ,1
1111111111( 11111111111011111111111111111111111 11111111 5 ι
111111 1111111111111111 111 ,111, ,1111111 ,11111111 1111111111 ιιι ,
111111 1111 ,1111111111 1111 1111 111· 111 ,1111111111 1111111111· 11,
; 1111111111111111111111111111111111111111111111111111111,
i 111111 111,,Ν1111111111111111 111111111111111, (1111 1111111- ,
11111118111111111111111111,11111111(111,1111111111 1111111 W
WWW‘W 1133 111 (1111111111111181111111111111111111 3¹:3³1
· 1111111111 111111111111111111111, 11111111 1111111111111111· , ·Ῐιῖἷ
1111111111 ,11 1111 1111111 11111111 111, 111,1111111111111111111. 3,,11
perget uns 111111 helsen will, so werden wir ihm 11111111111111.
Der 101111111111111111 111 1111111111111111111111 1111, 1111111 ,11111 w

,1

 

