88 8616661 6666 [8888888888888888 88 8666666616 11876, 618781 2858

¹ 366666. 866 866166 661161 666666166 1616 8616166611166616618 8888 :2
6661666666 1616666166 88 8616111666 88 1116666666 8166166, 11166166,
und 8676166666 616661686661636611611 1666866611166616, 661 88 16·
6666 1166616166 66 7616166666 6666616166 1666666166εό66 18 1666611861
³0182788 1616616866 888 88 6666616, 66616166 616 8788888888788888 .,
86616166 61666 616 6 8111666 (161 1161666666 8186666666 6666 28. ’,

, 7666666666 8.· 78-2-87, 888 888 7167, 878888' 666 8666616666

, vom, 10 16166666, 886688, 6611611661. [6816618666 116 66166,
1618668161611666161766 616666 6661666 6666167666 661166· 86. 6,
8666616666 616 88 6616666166 888 61666116· ¹:888. 186 ,6.- M 16··’

Κ66666166 161666. · ¹ 116776 ”

8¹28. ,8116 666 86616666 666 861611 81161 1877 1661616161 666676
1661666 6661136 8888888 66181 8888 84. 8661161 1877 88 888 1161-
1666166666 61666 8161666 8661616167· 18 86161666 ,66 888

666 16616 666· 666661 761666 661666 661 666 8888 16611-
7888 866666666611666661666861666176666661716 1116161666 der
86166166 666 6666666666661616161166 6666 666 6616671611-
666166616666 66166666 dem 880188888 ;6611ἕ(166616661661666·661666
. Regiorum 888 ’8616616616 6661166111 66166616, 666666 6666116166]
und 6666. ’66 166611666668666 666666661666611616686616661666666
, 6666666616166666166166116 1611616866 1661666666· 8166681666 666

66616 (11687611116161166666616666616661661616611661661(1616 66616666-’

. 1666116666 66666166666116 6666666, 6666166116
. 161661661861661666666661166 6666661166 666 616716 667666 616 der
6767766766 8666776166 ,116666 6676611766 888888. ’.116661 888 616-
, 66161666166666166,6166661666116161611661166616616616-

1111166666 1111666 88 8666616, 61666661. 11666 8818888, 66118666 -,
116166 8161766 86 71666 888888 666 6666161666 1161666166 ,666 .6·

6616611666 1666111667 116 616. 6666 1166111661 666 8818 88 66166161 883³.
Masso 16611166, 6666166 wir 66616 einer 6661 allsigen 11166666 66 116, ¹

hiesigo k88igliche 1163166668 666 66166 666 6166 6661111666 1667611·
gendo Erkang 161666 161 888 66161161 worden, auf 66666 (1666616
nicht eingehen zu 888888888 8666116661 88 6166· dor theson Gegen

66666616666666611168666 6161866666 666 1116666666 8666616666 und

11666166 66618718. 86166666 7. 66 8666ᾶὶ661666, 8888 616 ¹.
¹ 666 66616666 6661666616161616618616616666611 6616 666 1611666

8116116166· 1666 66166666,66616161666 66611 1661666 1611, 666 unser

(1111811661611661611666166666 66166116 66 666 6

166366661166666 66666, ,ob 8888 · 661666661166161666616666666 2¹ ¹

(11616666 166866 616666161116616666866666 66166111186666662
6166616666. 116616 66666666161166116666681661666, 66616 6666 1888 .,

 

